production	predict	valid	train
wk1	312	281	337
wk2	266	250	303
wk3	273	252	376
wk4	317	298	270
wk5	355	395	300
wk6	260	283	364
wk7	272	336	349
wk8	340	416	320
wk9	376	332	247
wk10	246	236	244
wk11	329	249	363
wk12	268	248	300
wk13	306	325	267
wk14	208	234	225
wk15	235	184	225
wk16	201	304	232
wk17	203	232	254
wk18	193	271	251
wk19	198	193	245
wk20	237	159	177
wk21	254	251	201
wk22	168	216	162
wk23	162	208	208
wk24	126	217	202
wk25	122	141	165
wk26	129	173	187
wk27	122	169	161
wk28	135	134	123
wk29	129	135	124
wk30	134	134	136
wk31	136	136	129
wk32	137	137	139
wk33	181	156	166
wk34	178	155	152
wk35	215	163	166
wk36	171	184	151
wk37	170	216	168
wk38	183	216	183
wk39	192	178	215
wk40	203	163	239
wk41	250	190	233
wk42	276	213	281
wk43	313	182	262
wk44	285	211	294
wk45	222	229	306
wk46	343	268	507
wk47	261	228	441
wk48	311	268	230
wk49	274	279	293
wk50	266	269	288
wk51	335	290	443
wk52	367	270	404
wk53	433	348	411
Sale	# of sale predict	# of order	total # of sale
wk1	301	337	289
wk2	265	303	253
wk3	304	376	279
wk4	288	270	294
wk5	327	300	335
wk6	351	364	346
wk7	306	349	291
wk8	306	320	302
wk9	290	247	304
wk10	250	244	252
wk11	300	363	279
wk12	280	300	274
wk13	259	267	257
wk14	218	225	216
wk15	214	225	211
wk16	208	232	201
wk17	225	254	215
wk18	226	251	218
wk19	215	245	205
wk20	199	177	207
wk21	222	201	229
wk22	174	162	178
wk23	190	208	184
wk24	155	202	139
wk25	154	165	150
wk26	157	187	147
wk27	155	161	153
wk28	129	123	131
wk29	123	124	122
wk30	133	136	132
wk31	131	129	132
wk32	133	139	130
wk33	151	166	146
wk34	143	152	140
wk35	164	166	163
wk36	150	151	149
wk37	159	168	156
wk38	165	183	159
wk39	179	215	168
wk40	202	239	190
wk41	217	233	212
wk42	250	281	240
wk43	269	262	272
wk44	283	294	279
wk45	273	306	262
wk46	379	407	337
wk47	334	418	298
wk48	297	250	319
wk49	281	293	277
wk50	276	288	272
wk51	349	443	317
wk52	348	404	330
wk53	384	411	375
